Time
1.53
1.37
1.19
2.7
0.44
3.4
5.72
2.69
0.88
0.38
1.67
1.11
3.12
1.25
0.78
0.53
1.77
0.72
1.01
0.59
7.68
2.48
2.87
1.79
0.81
0.71
3.26
1.15
2.66
3.73
1.96
4.09
1.67
1.13
4.52
0.23
0.53
0.89
0.68
2.56
4.97
0.75
2.58
0.65
5.62
2.74
5.31
0.34
2.91
2.88
0.81
1.19
0.48
4.18
1.01
0.36
5.36
1.01
5.51
1.85
0.53
0.93
1.48
1.38
1.54
8.14
1.99
0.46
4.51
0.96
1.53
0.96
4.27
0.36
2.11
0.4
0.37
1.45
0.43
1.04
3.69
1.47
0.78
5.65
3.03
0.95
2.71
1.54
0.25
0.95
4.74
2.09
0.51
4.9
1.09
0.5
1.12
2.41
0.37
0.8
